
power = 1890.78967924562
throughput = 11370.97
composite = 4636.82140253553
